1842	1713	613	256	319	475	432	486	175	1983		3555	8294	22	205	
733	3429	223	115	532	165	896	497	420	53		4162	7063	22	93	
1991	2060	232	438	639	625	792	168	204	76		4051	7225	22	98	
1727	1988	230	52	575	40	453	619	311	810		3715	6805	22	75	
1350	5172	393	144	321	423	1411	214	166	2372		6522	11966	22	64	
977	1904	315	498	290	157	882	184	352	563		2881	6122	21	572	
1121	2435	204	726	289	136	396	212	182	33		3556	5734	22	37	
1042	2189	311	155	226	775	519	173	209	151		3231	5750	22	122	
999	2864	926	143	284	23	1903	174	182	529		3863	8027	23	86	
841	2023	318	972	803	199	594	336	202	74		2864	6362	22	89		
1406	2222	1727	34	253	24	530	244	189	113		3628	6742	21	80	
1234	1988	234	518	182	165	527	263	188	107		3222	5406	22	468	
1408	3231	226	522	352	52	879	348	1137	218		4639	8373	24	1677	
1842	5312	207	1420	447	76	453	363	305	656		7154	11081	25	84		
1071	3306	545	792	654	840	940	632	315	208		4377	9303	24	166	
833	4470	541	481	1522	42	1171	329	293	306		5303	9988	25	166		
809	2520	212	67	187	22	519	443	277	311		3329	5367	23	169	